	H1f_1	H1f_2	H2f_1	H2f_2	H3f_1	H3f_2	H4m_1	H4m_2	H5m_1	H5m_2	H6m_1	H6m_2	P1f_1	P1f_2	P1f_3	P1f_4	P2f_1s	P2f_2s	P2f_3s	P2f_4s	P3m_1	P3m_2	P3m_3	P3m_4	P4m_1	P4m_2	P4m_3	P4m_4	P5m_1	P5m_2	P5m_3	P5m_4	P6m_1	P6m_2	P6m_3	P6m_4	P7m_1	P7m_2	P7m_3	P7m_4	P8m_1	P8m_2	P8m_3	P8m_4	P9m_1	P9m_2	P9m_3	P9m_4	P10m_1	P10m_2	P10m_3	P10m_4
H1f_1	0.0	0.363741032681	0.213307032041	0.162269729361	0.535018712289	0.62144544936	0.964262402089	0.947821457095	0.866048129893	0.887102579484	0.962615002677	0.932771327077	0.357249626308	0.392040849408	0.559080442966	0.384094613231	0.384358043327	0.415588440381	0.435753772598	0.703440753594	0.994762439207	0.989358271525	0.963421730817	0.986051917861	0.983976261128	0.984009247664	0.978607425692	0.981088421688	0.960950413223	0.966898778888	0.973574749205	0.973342145847	0.94477972239	0.945015576324	0.948204723027	0.928318235526	0.989196117927	0.984475225435	0.974192851744	0.967790364406	0.95664960244	0.957159763314	0.973425080081	0.992596731387	0.991620350577	0.991784573254	0.99199428163	0.991612903226	0.996404370073	0.996318862655	0.995673671199	0.99430319654
H1f_2	0.363741032681	0.0	0.527372013652	0.485646465396	0.356777208992	0.470242468773	0.963921953614	0.953085730243	0.838483787487	0.879009790655	0.973959600876	0.938321811034	0.631344520406	0.654334192231	0.697256385998	0.651094743215	0.648598314056	0.669691804487	0.68382969336	0.846884580509	0.997873955961	0.999035796071	0.976521080535	0.990401146132	0.997334666	0.997449792796	0.987891737892	0.997600274254	0.96303606675	0.960013788349	0.973936562577	0.968617984309	0.946005027872	0.949387381198	0.950027457441	0.923148579413	0.996478356566	0.987591198943	0.980853277836	0.974589930786	0.945999211667	0.936909970067	0.975474317446	0.996866124767	0.997100685293	0.998247663551	0.996762116766	0.995446077417	1.0	0.999484934329	0.99977367885	1.0
H2f_1	0.213307032041	0.527372013652	0.0	0.0694610206712	0.617554096766	0.691786079836	0.978610310599	0.970604320481	0.866433702194	0.893055070148	0.949041921178	0.933213321332	0.264062149847	0.301587301587	0.595703125	0.426781002639	0.305418012199	0.330956706544	0.483787461418	0.639930090733	0.993025407444	0.985281989469	0.943202495451	0.987585176888	0.981438859604	0.97365356623	0.941446262039	0.968421052632	0.967942326866	0.968043412722	0.977455995838	0.974591943395	0.940294914234	0.941724797827	0.952	0.925999750841	0.968909740214	0.978450528686	0.968922809744	0.96269361017	0.970015948963	0.961385384029	0.970139124533	0.972167222945	0.963464859838	0.969121140143	0.968297884604	0.976774898675	0.963189495539	0.965995291656	0.959271299761	0.959495248481
H2f_2	0.162269729361	0.485646465396	0.0694610206712	0.0	0.595629130406	0.676692249188	0.980340578707	0.972509101716	0.862001543607	0.902863202545	0.955483218229	0.936345066743	0.276938098028	0.313258393509	0.579980372915	0.403193077836	0.316355192689	0.350878445936	0.472757406256	0.658576451582	0.995963359727	0.980539947924	0.95597440045	0.990423063632	0.982601626016	0.98090844006	0.947620246789	0.97131316462	0.97101937658	0.97041077775	0.976071015052	0.964501242457	0.954939790237	0.956087824351	0.964509240851	0.942089351696	0.979255643685	0.988018899764	0.98213595983	0.978033721206	0.969571717527	0.963345864662	0.970053677371	0.983401986915	0.978105869644	0.978242677824	0.980840543881	0.983164983165	0.990631755945	0.991530145994	0.9886348619	0.986974033765
H3f_1	0.535018712289	0.356777208992	0.617554096766	0.595629130406	0.0	0.186195826645	0.973269018189	0.954707719768	0.833199464525	0.850469892099	0.941221625178	0.907948779899	0.704500236855	0.722408475258	0.751037675607	0.711801701813	0.701071782401	0.717384831341	0.718069236114	0.866251039069	0.987838321211	0.955639172195	0.888111888112	0.963963963964	0.935682254965	0.934621099554	0.915610676732	0.929806181247	0.937355932203	0.934508153603	0.937979212813	0.904030710173	0.840927769154	0.819838633128	0.783843275369	0.908950914341	0.920389926889	0.885470352439	0.88160572239	0.921936998947	0.947062245492	0.918633034988	0.952971913782	0.937401148756	0.929073482428	0.911213872832	0.933932391955	0.945627493096	0.982726001481	0.98542859267	0.97800545164	0.970170058545
H3f_2	0.62144544936	0.470242468773	0.691786079836	0.676692249188	0.186195826645	0.0	0.969992333808	0.956777996071	0.820396600567	0.839202657807	0.942588127225	0.90289781393	0.763528831937	0.777272516357	0.80153490675	0.765718131129	0.738614046573	0.753536956234	0.751765551656	0.884482029598	0.989692084049	0.956029744585	0.891958670261	0.968946593495	0.938439513243	0.949558985667	0.930281903607	0.925469483568	0.940503432494	0.938679245283	0.941770647653	0.90794557366	0.860230974237	0.831394750386	0.78732155819	0.920376175549	0.858920097473	0.876447876448	0.856465545236	0.882557030098	0.94749009247	0.925258215962	0.960030165913	0.913160010721	0.889614935823	0.882503192848	0.914404049701	0.932924071082	0.979888859487	0.983057556805	0.974335472044	0.963487566887
H4m_1	0.964262402089	0.963921953614	0.978610310599	0.980340578707	0.973269018189	0.969992333808	0.0	0.253845207334	0.5420832447	0.520549970432	0.826906499626	0.791462561232	0.95965076703	0.95829850469	0.94756183162	0.988454322413	0.954887921756	0.957657021877	0.929242488362	0.984941733816	0.994701986755	0.988555387605	0.904354675369	0.96743718593	0.970149253731	0.980107749689	0.93861115332	0.958817473158	0.94738452126	0.949756169647	0.949920508744	0.955525606469	0.692703183706	0.762631470406	0.839253242817	0.859311211138	0.976349614396	0.947528848247	0.83055916775	0.812717164698	0.953303527074	0.949886963075	0.957631927369	0.991768074445	0.985735999065	0.993344425957	0.990597345133	0.990425669556	0.994169611307	0.99397494847	0.990206080392	0.989584977119
H4m_2	0.947821457095	0.953085730243	0.970604320481	0.972509101716	0.954707719768	0.956777996071	0.253845207334	0.0	0.582799634035	0.570050235228	0.775922992567	0.777762693456	0.944519340454	0.946756217453	0.934486914601	0.986666666667	0.933765086841	0.940419644916	0.928101399991	0.976974252635	0.991467316776	0.980181268882	0.883037974684	0.95551729086	0.913392409296	0.928982725528	0.863067572399	0.900550584997	0.863448027382	0.880968858131	0.866007416564	0.868256213376	0.625068478142	0.666169211342	0.754888460479	0.765117908008	0.97674076255	0.937762438884	0.823247411936	0.817197149644	0.866983372922	0.900485998611	0.857209302326	0.981548729021	0.972772931536	0.981834163493	0.980123719704	0.975122659111	0.990709377722	0.978498322869	0.969370391378	0.981682242991
H5m_1	0.866048129893	0.838483787487	0.866433702194	0.862001543607	0.833199464525	0.820396600567	0.5420832447	0.582799634035	0.0	0.316843981206	0.776596694953	0.790902066834	0.792098804529	0.807035403235	0.792385647768	0.87065487275	0.831398436907	0.850547702541	0.826548796254	0.933157330885	0.985804290613	0.976001684092	0.861919861632	0.954303505072	0.864681776365	0.877167157344	0.849092480553	0.8544282321	0.842977357508	0.850969717591	0.933140405149	0.853729977117	0.748791630802	0.763328113297	0.789696328751	0.782285792876	0.985433471689	0.961217413638	0.930482596102	0.950669656384	0.842945230323	0.903467029232	0.874854028805	0.955211877513	0.978732831192	0.972348070614	0.965650059986	0.949136792684	0.991047887669	0.958870647049	0.957812183084	0.986402966625
H5m_2	0.887102579484	0.879009790655	0.893055070148	0.902863202545	0.850469892099	0.839202657807	0.520549970432	0.570050235228	0.316843981206	0.0	0.789777675911	0.79257934734	0.854417304654	0.864575304455	0.86644780498	0.920796793778	0.876585346934	0.883703758399	0.872058194266	0.951370485715	0.992477432297	0.974700204738	0.886925795053	0.961528517503	0.90036900369	0.912983781001	0.890495679854	0.881209310622	0.911979547115	0.884446829443	0.9527842473	0.91922705314	0.743116740088	0.768424036281	0.800205322593	0.820720269206	0.985566672134	0.947687176336	0.902091542892	0.915860856461	0.913708983067	0.924089693479	0.933615091228	0.932905708788	0.958818539369	0.95354543224	0.93382256585	0.957729468599	0.955637472988	0.959713413202	0.949212155318	0.934517719282
H6m_1	0.962615002677	0.973959600876	0.949041921178	0.955483218229	0.941221625178	0.942588127225	0.826906499626	0.775922992567	0.776596694953	0.789777675911	0.0	0.337332333583	0.772128851541	0.733342275578	0.703131729527	0.720437504299	0.902077151335	0.92170289738	0.848168687533	0.834047147742	0.983709035802	0.959313921021	0.846628624665	0.926589694985	0.894067518846	0.901326806647	0.86252354049	0.881744663927	0.956020236088	0.941145210575	0.964862226894	0.951627645363	0.722406390957	0.760355852099	0.84603289792	0.732847533632	0.979336528288	0.947860009753	0.85017112435	0.868276175564	0.940946530783	0.951746965796	0.958744658907	0.922930689	0.928859857482	0.924720496894	0.923490985106	0.933122762687	0.954404039374	0.947945074398	0.937862789541	0.965125820569
H6m_2	0.932771327077	0.938321811034	0.933213321332	0.936345066743	0.907948779899	0.90289781393	0.791462561232	0.777762693456	0.790902066834	0.79257934734	0.337332333583	0.0	0.767765458739	0.729556842816	0.729172073709	0.741311331776	0.871237577751	0.895481094374	0.795402679014	0.847572743468	0.924690921936	0.880632759816	0.788019623031	0.890849976777	0.903484859648	0.905518636232	0.868800242682	0.895404356908	0.96819599787	0.96171103799	0.976110681447	0.971294155171	0.719959327711	0.759185425995	0.874107984381	0.71617774477	0.971080987139	0.941786443528	0.82952012736	0.820941657007	0.960771907624	0.95987576597	0.978472922973	0.940610764299	0.948542024014	0.949230129005	0.938577894918	0.93301001677	0.976457461646	0.957646079401	0.968793807521	0.971565445835
P1f_1	0.357249626308	0.631344520406	0.264062149847	0.276938098028	0.704500236855	0.763528831937	0.95965076703	0.944519340454	0.792098804529	0.854417304654	0.772128851541	0.767765458739	0.0	0.0633468938305	0.491435355306	0.380016277468	0.349852434825	0.287872069995	0.443214809279	0.509873036515	0.987278849751	0.986288624455	0.91978449566	0.972780248428	0.966348540851	0.971083813458	0.949830890643	0.962913464751	0.952986381873	0.946111792926	0.960718917917	0.961860193039	0.910402858083	0.909574723115	0.920754328112	0.893877945153	0.993558266012	0.986048559141	0.981009080975	0.978739358652	0.947552040935	0.949110341896	0.95050468199	0.969375419745	0.987215909091	0.982816782627	0.977007315854	0.970169440583	0.996708038614	0.992344256089	0.990553885788	0.995427526292
P1f_2	0.392040849408	0.654334192231	0.301587301587	0.313258393509	0.722408475258	0.777272516357	0.95829850469	0.946756217453	0.807035403235	0.864575304455	0.733342275578	0.729556842816	0.0633468938305	0.0	0.465978874969	0.353449573885	0.370741957442	0.309871195714	0.461137309293	0.471751838266	0.993790686029	0.995756848999	0.937109869996	0.977619308832	0.973179286156	0.976295844143	0.958212725646	0.967740257037	0.963076273869	0.948819513212	0.969401787761	0.965678797124	0.916126741812	0.92485758206	0.93197542213	0.90470122423	0.991782178218	0.985126006755	0.981151079137	0.979191041284	0.962836556693	0.961868231047	0.964759699554	0.970079674521	0.987221665951	0.982306133544	0.976792160908	0.966712102733	0.994945240101	0.990652712311	0.987939879399	0.993495761582
P1f_3	0.559080442966	0.697256385998	0.595703125	0.579980372915	0.751037675607	0.80153490675	0.94756183162	0.934486914601	0.792385647768	0.86644780498	0.703131729527	0.729172073709	0.491435355306	0.465978874969	0.0	0.305304803299	0.585787136042	0.610397861132	0.544339744417	0.650509713406	0.992849260649	0.98941190955	0.930476825609	0.977489177489	0.965478186019	0.968671679198	0.955362906945	0.9619247626	0.945016864575	0.943855157279	0.966827233451	0.955420369754	0.913160712161	0.918155061888	0.923353601096	0.904047367994	0.94957395674	0.959912775936	0.957749712974	0.952286132923	0.93463866818	0.952775192279	0.939191839937	0.933564171835	0.94513483811	0.979666637577	0.939197780603	0.912704904623	0.997956480605	0.985064396262	0.982173686112	0.996921928925
P1f_4	0.384094613231	0.651094743215	0.426781002639	0.403193077836	0.711801701813	0.765718131129	0.988454322413	0.986666666667	0.87065487275	0.920796793778	0.720437504299	0.741311331776	0.380016277468	0.353449573885	0.305304803299	0.0	0.371648205314	0.426350269326	0.454323995128	0.583146753511	0.994277688186	0.99359923573	0.960311284047	0.984585307166	0.996137546269	0.995664128596	0.99200175304	0.991446513642	0.983965734995	0.981995661605	0.985273870099	0.986597762508	0.977142332584	0.980627953769	0.98383696416	0.970036747385	0.895131856269	0.97736728241	0.961483014823	0.942980375243	0.983401084011	0.97879983511	0.988797169811	0.940916451486	0.915653119747	0.90187827158	0.892899960037	0.95341122701	0.998782238072	0.998517725532	0.998509895227	0.997890061077
P2f_1s	0.384358043327	0.648598314056	0.305418012199	0.316355192689	0.701071782401	0.738614046573	0.954887921756	0.933765086841	0.831398436907	0.876585346934	0.902077151335	0.871237577751	0.349852434825	0.370741957442	0.585787136042	0.371648205314	0.0	0.085521229994	0.311634387627	0.565890691659	0.99323403181	0.969512478505	0.923280673541	0.96983075791	0.980544139832	0.978557504873	0.973561265661	0.977327595256	0.974032884585	0.962674797603	0.983802857639	0.967236545545	0.889042871832	0.894684097845	0.920405774483	0.884904622157	0.875118542551	0.931824860417	0.887678668355	0.885303151428	0.972777959987	0.965837271537	0.973207159959	0.836199906107	0.855247981546	0.836954355192	0.855256893044	0.831487027749	0.94638388123	0.933893602477	0.926372580133	0.975258175559
P2f_2s	0.415588440381	0.669691804487	0.330956706544	0.350878445936	0.717384831341	0.753536956234	0.957657021877	0.940419644916	0.850547702541	0.883703758399	0.92170289738	0.895481094374	0.287872069995	0.309871195714	0.610397861132	0.426350269326	0.085521229994	0.0	0.340862643864	0.522065712266	0.992419935569	0.97134092901	0.925952327913	0.969876768599	0.98479976615	0.980477953551	0.978747703461	0.981922680159	0.975617038217	0.964280442804	0.984830554061	0.969426490202	0.896755660696	0.901100791194	0.922410235246	0.89546103587	0.881432186709	0.93416849358	0.893565553943	0.892221779019	0.974281777823	0.968196756069	0.974847439639	0.843777795747	0.862602324635	0.846333816855	0.861919200197	0.83788254756	0.949272449554	0.945743542717	0.940154109589	0.976979140488
P2f_3s	0.435753772598	0.68382969336	0.483787461418	0.472757406256	0.718069236114	0.751765551656	0.929242488362	0.928101399991	0.826548796254	0.872058194266	0.848168687533	0.795402679014	0.443214809279	0.461137309293	0.544339744417	0.454323995128	0.311634387627	0.340862643864	0.0	0.494554928073	0.990301821807	0.967448902347	0.912489851728	0.966984817092	0.97169986967	0.974166858194	0.957055505522	0.965001172883	0.962952408093	0.956021237607	0.973501125435	0.959123802073	0.871701177426	0.89245890807	0.913990775313	0.904524492085	0.764800861141	0.749209438093	0.689925073588	0.682726294759	0.962928727803	0.956820016142	0.964247841236	0.758134827962	0.846547314578	0.896547091227	0.82889134206	0.775939147261	0.946663570212	0.881312200516	0.868739205527	0.97189852779
P2f_4s	0.703440753594	0.846884580509	0.639930090733	0.658576451582	0.866251039069	0.884482029598	0.984941733816	0.976974252635	0.933157330885	0.951370485715	0.834047147742	0.847572743468	0.509873036515	0.471751838266	0.650509713406	0.583146753511	0.565890691659	0.522065712266	0.494554928073	0.0	0.998556398871	0.994138854336	0.978578714723	0.99378460843	0.997651594036	0.996960887949	0.996424581006	0.996219533891	0.993423848614	0.992255652484	0.995370477535	0.992427162453	0.964666652859	0.96431779723	0.977681071998	0.963077825741	0.905808613898	0.708034877346	0.823526116267	0.860429540468	0.992716250452	0.991489753203	0.994661266568	0.906616678488	0.949445657292	0.975338175808	0.941204072057	0.9079568128	0.974903513912	0.965145816513	0.963061016031	0.989978879252
P3m_1	0.994762439207	0.997873955961	0.993025407444	0.995963359727	0.987838321211	0.989692084049	0.994701986755	0.991467316776	0.985804290613	0.992477432297	0.983709035802	0.924690921936	0.987278849751	0.993790686029	0.992849260649	0.994277688186	0.99323403181	0.992419935569	0.990301821807	0.998556398871	0.0	0.39127045986	0.57012153489	0.588952922685	0.998149518875	0.998237885463	0.988439306358	0.997325692455	0.982710092481	0.990390159523	0.978662053057	0.992680695334	0.985964912281	0.987705925744	0.987434554974	0.992239329077	0.988095238095	0.994407425036	0.993196294152	0.990952955368	0.966480446927	0.967948717949	0.974751544453	0.992093216812	0.989411933038	0.988478156505	0.992460146489	0.994673959983	0.99938499385	0.999095022624	0.999271667881	0.997904881626
P3m_2	0.989358271525	0.999035796071	0.985281989469	0.980539947924	0.955639172195	0.956029744585	0.988555387605	0.980181268882	0.976001684092	0.974700204738	0.959313921021	0.880632759816	0.986288624455	0.995756848999	0.98941190955	0.99359923573	0.969512478505	0.97134092901	0.967448902347	0.994138854336	0.39127045986	0.0	0.604648588821	0.498573608439	0.939291736931	0.944226343577	0.913805914698	0.943572765222	0.979359856416	0.977151120752	0.976061776062	0.976002629849	0.947963359969	0.949827341052	0.948791234965	0.96165343779	0.95862764884	0.982289416847	0.97733127254	0.968953687822	0.959915952804	0.975073313783	0.97497700092	0.968032497351	0.964601769912	0.961562617762	0.973626773372	0.98103293605	0.994942448552	0.994514966306	0.994773869347	0.990747879722
P3m_3	0.963421730817	0.976521080535	0.943202495451	0.95597440045	0.888111888112	0.891958670261	0.904354675369	0.883037974684	0.861919861632	0.886925795053	0.846628624665	0.788019623031	0.91978449566	0.937109869996	0.930476825609	0.960311284047	0.923280673541	0.925952327913	0.912489851728	0.978578714723	0.57012153489	0.604648588821	0.0	0.728670567424	0.900904910251	0.900171135197	0.855838841675	0.898660986001	0.867215972112	0.889602446483	0.918002081165	0.84795936241	0.821786183878	0.834441980783	0.868611318873	0.857602401887	0.952336819807	0.979608707633	0.944433445522	0.922197607444	0.830350997935	0.943711867743	0.85652173913	0.933875239748	0.916406437665	0.919325072502	0.931268242162	0.94970783271	0.907148652303	0.884394930169	0.864020887728	0.89852700491
P3m_4	0.986051917861	0.990401146132	0.987585176888	0.990423063632	0.963963963964	0.968946593495	0.96743718593	0.95551729086	0.954303505072	0.961528517503	0.926589694985	0.890849976777	0.972780248428	0.977619308832	0.977489177489	0.984585307166	0.96983075791	0.969876768599	0.966984817092	0.99378460843	0.588952922685	0.498573608439	0.728670567424	0.0	0.973863369591	0.974406130268	0.95819883796	0.975574940523	0.972305449834	0.980919065034	0.979157059854	0.972248233592	0.932182103611	0.935134438068	0.936699857752	0.958344181203	0.974100507689	0.980647562337	0.970081638431	0.963285804999	0.967932489451	0.977515963666	0.980356821049	0.95208100312	0.944722918407	0.953904873752	0.960141665166	0.960035732757	0.98575681513	0.987299864315	0.985140587972	0.980572933816
P4m_1	0.983976261128	0.997334666	0.981438859604	0.982601626016	0.935682254965	0.938439513243	0.970149253731	0.913392409296	0.864681776365	0.90036900369	0.894067518846	0.903484859648	0.966348540851	0.973179286156	0.965478186019	0.996137546269	0.980544139832	0.98479976615	0.97169986967	0.997651594036	0.998149518875	0.939291736931	0.900904910251	0.973863369591	0.0	0.210288631455	0.374971815107	0.204384268214	0.461293260474	0.489720839645	0.867636867637	0.549340369393	0.871234939759	0.717690677966	0.757496313289	0.682462535439	0.964501242457	0.981018119068	0.976424361493	0.96754217382	0.681993321346	0.901328273245	0.784781916587	0.982281284607	0.971593569533	0.972119287101	0.977246609975	0.978515625	0.994331807281	0.887848681697	0.932601880878	0.986638033882
P4m_2	0.984009247664	0.997449792796	0.97365356623	0.98090844006	0.934621099554	0.949558985667	0.980107749689	0.928982725528	0.877167157344	0.912983781001	0.901326806647	0.905518636232	0.971083813458	0.976295844143	0.968671679198	0.995664128596	0.978557504873	0.980477953551	0.974166858194	0.996960887949	0.998237885463	0.944226343577	0.900171135197	0.974406130268	0.210288631455	0.0	0.414789630259	0.217709179529	0.426549431696	0.445625511038	0.881533101045	0.561684314208	0.85435125622	0.687843538285	0.752117979291	0.671529044022	0.955969517358	0.981208704613	0.976305072195	0.967624779496	0.702689721422	0.905039324206	0.801875732708	0.978496935813	0.956873315364	0.95789828225	0.967680820238	0.974232496503	0.979883536263	0.855666263153	0.9174971616	0.957866427611
P4m_3	0.978607425692	0.987891737892	0.941446262039	0.947620246789	0.915610676732	0.930281903607	0.93861115332	0.863067572399	0.849092480553	0.890495679854	0.86252354049	0.868800242682	0.949830890643	0.958212725646	0.955362906945	0.99200175304	0.973561265661	0.978747703461	0.957055505522	0.996424581006	0.988439306358	0.913805914698	0.855838841675	0.95819883796	0.374971815107	0.414789630259	0.0	0.34833567745	0.658926342072	0.666036844591	0.831132452981	0.59800176315	0.782350613376	0.663084438241	0.693491952414	0.664957264957	0.942443300934	0.965023044384	0.937884330972	0.911348702528	0.699372504278	0.87027027027	0.746550472041	0.970149253731	0.923588039867	0.92196969697	0.943716175586	0.95497098646	0.961078866507	0.899017954568	0.889668455083	0.909568874869
P4m_4	0.981088421688	0.997600274254	0.968421052632	0.97131316462	0.929806181247	0.925469483568	0.958817473158	0.900550584997	0.8544282321	0.881209310622	0.881744663927	0.895404356908	0.962913464751	0.967740257037	0.9619247626	0.991446513642	0.977327595256	0.981922680159	0.965001172883	0.996219533891	0.997325692455	0.943572765222	0.898660986001	0.975574940523	0.204384268214	0.217709179529	0.34833567745	0.0	0.536348567369	0.543575920934	0.861612072138	0.518917426125	0.850237209899	0.672490857375	0.739130434783	0.663442940039	0.96340347667	0.980070997073	0.974894756984	0.963466347722	0.680988184748	0.895756765787	0.781292059219	0.97900914118	0.963770439243	0.967988359403	0.973280206258	0.973674199193	0.969350360911	0.882512865327	0.901162014158	0.941819990055
P5m_1	0.960950413223	0.96303606675	0.967942326866	0.97101937658	0.937355932203	0.940503432494	0.94738452126	0.863448027382	0.842977357508	0.911979547115	0.956020236088	0.96819599787	0.952986381873	0.963076273869	0.945016864575	0.983965734995	0.974032884585	0.975617038217	0.962952408093	0.993423848614	0.982710092481	0.979359856416	0.867215972112	0.972305449834	0.461293260474	0.426549431696	0.658926342072	0.536348567369	0.0	0.25268432355	0.630293159609	0.38869047619	0.791191297426	0.741364785173	0.649920676891	0.643113085854	0.976556495004	0.983160293745	0.974695407685	0.969113697404	0.533930118394	0.745973645681	0.614902250092	0.96976744186	0.956834532374	0.96333778881	0.969052224371	0.971588262692	0.986962488564	0.83422992628	0.91918073623	0.968625365594
P5m_2	0.966898778888	0.960013788349	0.968043412722	0.97041077775	0.934508153603	0.938679245283	0.949756169647	0.880968858131	0.850969717591	0.884446829443	0.941145210575	0.96171103799	0.946111792926	0.948819513212	0.943855157279	0.981995661605	0.962674797603	0.964280442804	0.956021237607	0.992255652484	0.990390159523	0.977151120752	0.889602446483	0.980919065034	0.489720839645	0.445625511038	0.666036844591	0.543575920934	0.25268432355	0.0	0.742271880819	0.400947339092	0.770825286468	0.727928173038	0.656726533379	0.650013877324	0.979017117615	0.979282371295	0.981585206783	0.977086743044	0.611592632719	0.762917933131	0.683673469388	0.963982330955	0.946825652594	0.971825832419	0.961886836843	0.975745557166	0.977710910509	0.858965617999	0.908249496982	0.947869674185
P5m_3	0.973574749205	0.973936562577	0.977455995838	0.976071015052	0.937979212813	0.941770647653	0.949920508744	0.866007416564	0.933140405149	0.9527842473	0.964862226894	0.976110681447	0.960718917917	0.969401787761	0.966827233451	0.985273870099	0.983802857639	0.984830554061	0.973501125435	0.995370477535	0.978662053057	0.976061776062	0.918002081165	0.979157059854	0.867636867637	0.881533101045	0.831132452981	0.861612072138	0.630293159609	0.742271880819	0.0	0.649406688242	0.879310344828	0.856481481481	0.812335013199	0.87534271614	0.969713358572	0.985864240728	0.984422021597	0.979542395693	0.686254471129	0.58075040783	0.495435684647	0.97039751903	0.953477969134	0.959260251943	0.968371268105	0.972573839662	0.988118264714	0.975152367557	0.962237762238	0.956541019956
P5m_4	0.973342145847	0.968617984309	0.974591943395	0.964501242457	0.904030710173	0.90794557366	0.955525606469	0.868256213376	0.853729977117	0.91922705314	0.951627645363	0.971294155171	0.961860193039	0.965678797124	0.955420369754	0.986597762508	0.967236545545	0.969426490202	0.959123802073	0.992427162453	0.992680695334	0.976002629849	0.84795936241	0.972248233592	0.549340369393	0.561684314208	0.59800176315	0.518917426125	0.38869047619	0.400947339092	0.649406688242	0.0	0.808823529412	0.763496932515	0.673042792349	0.686901960784	0.966970882225	0.986705278399	0.983773151942	0.977921766259	0.523243621111	0.732394366197	0.550497866287	0.971492873218	0.956837209302	0.964617044229	0.972099087353	0.974918566775	0.981085728322	0.895294616363	0.906702898551	0.953782842672
P6m_1	0.94477972239	0.946005027872	0.940294914234	0.954939790237	0.840927769154	0.860230974237	0.692703183706	0.625068478142	0.748791630802	0.743116740088	0.722406390957	0.719959327711	0.910402858083	0.916126741812	0.913160712161	0.977142332584	0.889042871832	0.896755660696	0.871701177426	0.964666652859	0.985964912281	0.947963359969	0.821786183878	0.932182103611	0.871234939759	0.85435125622	0.782350613376	0.850237209899	0.791191297426	0.770825286468	0.879310344828	0.808823529412	0.0	0.216489063376	0.386528273327	0.418743485265	0.940091116173	0.877451992567	0.703907203907	0.686540920716	0.747691433442	0.843056436271	0.812629234929	0.838534822602	0.876269234795	0.830023828435	0.840141796084	0.889780046178	0.910064935065	0.885558983399	0.854286243288	0.849802371542
P6m_2	0.945015576324	0.949387381198	0.941724797827	0.956087824351	0.819838633128	0.831394750386	0.762631470406	0.666169211342	0.763328113297	0.768424036281	0.760355852099	0.759185425995	0.909574723115	0.92485758206	0.918155061888	0.980627953769	0.894684097845	0.901100791194	0.89245890807	0.96431779723	0.987705925744	0.949827341052	0.834441980783	0.935134438068	0.717690677966	0.687843538285	0.663084438241	0.672490857375	0.741364785173	0.727928173038	0.856481481481	0.763496932515	0.216489063376	0.0	0.261406090796	0.432376442735	0.936633189861	0.85788140958	0.740415935856	0.732638888889	0.719764457195	0.817718940937	0.784704479646	0.855102040816	0.876108131772	0.84303918066	0.858817354794	0.904376012966	0.936827956989	0.898621003182	0.882341613711	0.892212108077
P6m_3	0.948204723027	0.950027457441	0.952	0.964509240851	0.783843275369	0.78732155819	0.839253242817	0.754888460479	0.789696328751	0.800205322593	0.84603289792	0.874107984381	0.920754328112	0.93197542213	0.923353601096	0.98383696416	0.920405774483	0.922410235246	0.913990775313	0.977681071998	0.987434554974	0.948791234965	0.868611318873	0.936699857752	0.757496313289	0.752117979291	0.693491952414	0.739130434783	0.649920676891	0.656726533379	0.812335013199	0.673042792349	0.386528273327	0.261406090796	0.0	0.544659300184	0.923644251627	0.836865253898	0.79069927661	0.799755799756	0.633552377271	0.772225973441	0.71460877431	0.873921055184	0.860822060354	0.852331606218	0.869377942502	0.915713013088	0.962888570062	0.906204783386	0.90332326284	0.929459064327
P6m_4	0.928318235526	0.923148579413	0.925999750841	0.942089351696	0.908950914341	0.920376175549	0.859311211138	0.765117908008	0.782285792876	0.820720269206	0.732847533632	0.71617774477	0.893877945153	0.90470122423	0.904047367994	0.970036747385	0.884904622157	0.89546103587	0.904524492085	0.963077825741	0.992239329077	0.96165343779	0.857602401887	0.958344181203	0.682462535439	0.671529044022	0.664957264957	0.663442940039	0.643113085854	0.650013877324	0.87534271614	0.686901960784	0.418743485265	0.432376442735	0.544659300184	0.0	0.954982357951	0.931954707352	0.804033124723	0.782947033721	0.680765668416	0.862188968157	0.821865176388	0.85949203616	0.867215302491	0.833737275812	0.848498272349	0.878090205699	0.964963007058	0.900099593963	0.913289717801	0.939787485242
P7m_1	0.989196117927	0.996478356566	0.968909740214	0.979255643685	0.920389926889	0.858920097473	0.976349614396	0.97674076255	0.985433471689	0.985566672134	0.979336528288	0.971080987139	0.993558266012	0.991782178218	0.94957395674	0.895131856269	0.875118542551	0.881432186709	0.764800861141	0.905808613898	0.988095238095	0.95862764884	0.952336819807	0.974100507689	0.964501242457	0.955969517358	0.942443300934	0.96340347667	0.976556495004	0.979017117615	0.969713358572	0.966970882225	0.940091116173	0.936633189861	0.923644251627	0.954982357951	0.0	0.713346636929	0.626797664816	0.466692866968	0.985122210414	0.980372420735	0.985327599292	0.561064824223	0.553677794708	0.602407778978	0.510195501366	0.694420843954	0.995794111756	0.995390070922	0.994803967879	0.990405756546
P7m_2	0.984475225435	0.987591198943	0.978450528686	0.988018899764	0.885470352439	0.876447876448	0.947528848247	0.937762438884	0.961217413638	0.947687176336	0.947860009753	0.941786443528	0.986048559141	0.985126006755	0.959912775936	0.97736728241	0.931824860417	0.93416849358	0.749209438093	0.708034877346	0.994407425036	0.982289416847	0.979608707633	0.980647562337	0.981018119068	0.981208704613	0.965023044384	0.980070997073	0.983160293745	0.979282371295	0.985864240728	0.986705278399	0.877451992567	0.85788140958	0.836865253898	0.931954707352	0.713346636929	0.0	0.515545092946	0.62811747713	0.989148198993	0.987093230811	0.990649707803	0.769012430263	0.752400202122	0.855075859645	0.745250174077	0.747289205373	0.992710661872	0.992684711046	0.992235047219	0.990381532542
P7m_3	0.974192851744	0.980853277836	0.968922809744	0.98213595983	0.88160572239	0.856465545236	0.83055916775	0.823247411936	0.930482596102	0.902091542892	0.85017112435	0.82952012736	0.981009080975	0.981151079137	0.957749712974	0.961483014823	0.887678668355	0.893565553943	0.689925073588	0.823526116267	0.993196294152	0.97733127254	0.944433445522	0.970081638431	0.976424361493	0.976305072195	0.937884330972	0.974894756984	0.974695407685	0.981585206783	0.984422021597	0.983773151942	0.703907203907	0.740415935856	0.79069927661	0.804033124723	0.626797664816	0.515545092946	0.0	0.314883563955	0.986672084518	0.987212718161	0.99238293084	0.721591560601	0.728861596599	0.793451239435	0.720930232558	0.731449088566	0.996588195155	0.996080508475	0.996514812049	0.995556613505
P7m_4	0.967790364406	0.974589930786	0.96269361017	0.978033721206	0.921936998947	0.882557030098	0.812717164698	0.817197149644	0.950669656384	0.915860856461	0.868276175564	0.820941657007	0.978739358652	0.979191041284	0.952286132923	0.942980375243	0.885303151428	0.892221779019	0.682726294759	0.860429540468	0.990952955368	0.968953687822	0.922197607444	0.963285804999	0.96754217382	0.967624779496	0.911348702528	0.963466347722	0.969113697404	0.977086743044	0.979542395693	0.977921766259	0.686540920716	0.732638888889	0.799755799756	0.782947033721	0.466692866968	0.62811747713	0.314883563955	0.0	0.981272964324	0.982351414482	0.98985035784	0.666863120672	0.727330837366	0.779257663304	0.669636116563	0.734991039427	0.99650094766	0.995736743938	0.996393442623	0.994504865484
P8m_1	0.95664960244	0.945999211667	0.970015948963	0.969571717527	0.947062245492	0.94749009247	0.953303527074	0.866983372922	0.842945230323	0.913708983067	0.940946530783	0.960771907624	0.947552040935	0.962836556693	0.93463866818	0.983401084011	0.972777959987	0.974281777823	0.962928727803	0.992716250452	0.966480446927	0.959915952804	0.830350997935	0.967932489451	0.681993321346	0.702689721422	0.699372504278	0.680988184748	0.533930118394	0.611592632719	0.686254471129	0.523243621111	0.747691433442	0.719764457195	0.633552377271	0.680765668416	0.985122210414	0.989148198993	0.986672084518	0.981272964324	0.0	0.510971786834	0.443037974684	0.98839649426	0.982110259219	0.988602785986	0.98867875981	0.984979407252	0.994906003639	0.901247510221	0.924780734354	0.98467198038
P8m_2	0.957159763314	0.936909970067	0.961385384029	0.963345864662	0.918633034988	0.925258215962	0.949886963075	0.900485998611	0.903467029232	0.924089693479	0.951746965796	0.95987576597	0.949110341896	0.961868231047	0.952775192279	0.97879983511	0.965837271537	0.968196756069	0.956820016142	0.991489753203	0.967948717949	0.975073313783	0.943711867743	0.977515963666	0.901328273245	0.905039324206	0.87027027027	0.895756765787	0.745973645681	0.762917933131	0.58075040783	0.732394366197	0.843056436271	0.817718940937	0.772225973441	0.862188968157	0.980372420735	0.987093230811	0.987212718161	0.982351414482	0.510971786834	0.0	0.477380148548	0.982360922659	0.97177164525	0.977040179686	0.982391366089	0.983522142122	0.99414426404	0.992052679382	0.988659106071	0.980244962465
P8m_3	0.973425080081	0.975474317446	0.970139124533	0.970053677371	0.952971913782	0.960030165913	0.957631927369	0.857209302326	0.874854028805	0.933615091228	0.958744658907	0.978472922973	0.95050468199	0.964759699554	0.939191839937	0.988797169811	0.973207159959	0.974847439639	0.964247841236	0.994661266568	0.974751544453	0.97497700092	0.85652173913	0.980356821049	0.784781916587	0.801875732708	0.746550472041	0.781292059219	0.614902250092	0.683673469388	0.495435684647	0.550497866287	0.812629234929	0.784704479646	0.71460877431	0.821865176388	0.985327599292	0.990649707803	0.99238293084	0.98985035784	0.443037974684	0.477380148548	0.0	0.988569873452	0.981379602201	0.987957852484	0.98832075203	0.985039979365	0.994661684239	0.949243200182	0.926359832636	0.981673306773
P8m_4	0.992596731387	0.996866124767	0.972167222945	0.983401986915	0.937401148756	0.913160010721	0.991768074445	0.981548729021	0.955211877513	0.932905708788	0.922930689	0.940610764299	0.969375419745	0.970079674521	0.933564171835	0.940916451486	0.836199906107	0.843777795747	0.758134827962	0.906616678488	0.992093216812	0.968032497351	0.933875239748	0.95208100312	0.982281284607	0.978496935813	0.970149253731	0.97900914118	0.96976744186	0.963982330955	0.97039751903	0.971492873218	0.838534822602	0.855102040816	0.873921055184	0.85949203616	0.561064824223	0.769012430263	0.721591560601	0.666863120672	0.98839649426	0.982360922659	0.988569873452	0.0	0.468111163448	0.514936708861	0.25793958172	0.332648401826	0.96622328501	0.970291632597	0.96291301416	0.948089058221
P9m_1	0.991620350577	0.997100685293	0.963464859838	0.978105869644	0.929073482428	0.889614935823	0.985735999065	0.972772931536	0.978732831192	0.958818539369	0.928859857482	0.948542024014	0.987215909091	0.987221665951	0.94513483811	0.915653119747	0.855247981546	0.862602324635	0.846547314578	0.949445657292	0.989411933038	0.964601769912	0.916406437665	0.944722918407	0.971593569533	0.956873315364	0.923588039867	0.963770439243	0.956834532374	0.946825652594	0.953477969134	0.956837209302	0.876269234795	0.876108131772	0.860822060354	0.867215302491	0.553677794708	0.752400202122	0.728861596599	0.727330837366	0.982110259219	0.97177164525	0.981379602201	0.468111163448	0.0	0.356591285163	0.346359482842	0.547291400953	0.973603494749	0.977764871816	0.970565956065	0.954293628809
P9m_2	0.991784573254	0.998247663551	0.969121140143	0.978242677824	0.911213872832	0.882503192848	0.993344425957	0.981834163493	0.972348070614	0.95354543224	0.924720496894	0.949230129005	0.982816782627	0.982306133544	0.979666637577	0.90187827158	0.836954355192	0.846333816855	0.896547091227	0.975338175808	0.988478156505	0.961562617762	0.919325072502	0.953904873752	0.972119287101	0.95789828225	0.92196969697	0.967988359403	0.96333778881	0.971825832419	0.959260251943	0.964617044229	0.830023828435	0.84303918066	0.852331606218	0.833737275812	0.602407778978	0.855075859645	0.793451239435	0.779257663304	0.988602785986	0.977040179686	0.987957852484	0.514936708861	0.356591285163	0.0	0.383471247512	0.652892561983	0.992214791895	0.994519579245	0.992236207505	0.987688641779
P9m_3	0.99199428163	0.996762116766	0.968297884604	0.980840543881	0.933932391955	0.914404049701	0.990597345133	0.980123719704	0.965650059986	0.93382256585	0.923490985106	0.938577894918	0.977007315854	0.976792160908	0.939197780603	0.892899960037	0.855256893044	0.861919200197	0.82889134206	0.941204072057	0.992460146489	0.973626773372	0.931268242162	0.960141665166	0.977246609975	0.967680820238	0.943716175586	0.973280206258	0.969052224371	0.961886836843	0.968371268105	0.972099087353	0.840141796084	0.858817354794	0.869377942502	0.848498272349	0.510195501366	0.745250174077	0.720930232558	0.669636116563	0.98867875981	0.982391366089	0.98832075203	0.25793958172	0.346359482842	0.383471247512	0.0	0.381689157748	0.974413972729	0.977697240033	0.972087378641	0.960599677859
P9m_4	0.991612903226	0.995446077417	0.976774898675	0.983164983165	0.945627493096	0.932924071082	0.990425669556	0.975122659111	0.949136792684	0.957729468599	0.933122762687	0.93301001677	0.970169440583	0.966712102733	0.912704904623	0.95341122701	0.831487027749	0.83788254756	0.775939147261	0.9079568128	0.994673959983	0.98103293605	0.94970783271	0.960035732757	0.978515625	0.974232496503	0.95497098646	0.973674199193	0.971588262692	0.975745557166	0.972573839662	0.974918566775	0.889780046178	0.904376012966	0.915713013088	0.878090205699	0.694420843954	0.747289205373	0.731449088566	0.734991039427	0.984979407252	0.983522142122	0.985039979365	0.332648401826	0.547291400953	0.652892561983	0.381689157748	0.0	0.996150362319	0.99451418926	0.993434906478	0.996214809558
P10m_1	0.996404370073	1.0	0.963189495539	0.990631755945	0.982726001481	0.979888859487	0.994169611307	0.990709377722	0.991047887669	0.955637472988	0.954404039374	0.976457461646	0.996708038614	0.994945240101	0.997956480605	0.998782238072	0.94638388123	0.949272449554	0.946663570212	0.974903513912	0.99938499385	0.994942448552	0.907148652303	0.98575681513	0.994331807281	0.979883536263	0.961078866507	0.969350360911	0.986962488564	0.977710910509	0.988118264714	0.981085728322	0.910064935065	0.936827956989	0.962888570062	0.964963007058	0.995794111756	0.992710661872	0.996588195155	0.99650094766	0.994906003639	0.99414426404	0.994661684239	0.96622328501	0.973603494749	0.992214791895	0.974413972729	0.996150362319	0.0	0.646423751687	0.473517654897	0.668968746342
P10m_2	0.996318862655	0.999484934329	0.965995291656	0.991530145994	0.98542859267	0.983057556805	0.99397494847	0.978498322869	0.958870647049	0.959713413202	0.947945074398	0.957646079401	0.992344256089	0.990652712311	0.985064396262	0.998517725532	0.933893602477	0.945743542717	0.881312200516	0.965145816513	0.999095022624	0.994514966306	0.884394930169	0.987299864315	0.887848681697	0.855666263153	0.899017954568	0.882512865327	0.83422992628	0.858965617999	0.975152367557	0.895294616363	0.885558983399	0.898621003182	0.906204783386	0.900099593963	0.995390070922	0.992684711046	0.996080508475	0.995736743938	0.901247510221	0.992052679382	0.949243200182	0.970291632597	0.977764871816	0.994519579245	0.977697240033	0.99451418926	0.646423751687	0.0	0.319801533604	0.641354071363
P10m_3	0.995673671199	0.99977367885	0.959271299761	0.9886348619	0.97800545164	0.974335472044	0.990206080392	0.969370391378	0.957812183084	0.949212155318	0.937862789541	0.968793807521	0.990553885788	0.987939879399	0.982173686112	0.998509895227	0.926372580133	0.940154109589	0.868739205527	0.963061016031	0.999271667881	0.994773869347	0.864020887728	0.985140587972	0.932601880878	0.9174971616	0.889668455083	0.901162014158	0.91918073623	0.908249496982	0.962237762238	0.906702898551	0.854286243288	0.882341613711	0.90332326284	0.913289717801	0.994803967879	0.992235047219	0.996514812049	0.996393442623	0.924780734354	0.988659106071	0.926359832636	0.96291301416	0.970565956065	0.992236207505	0.972087378641	0.993434906478	0.473517654897	0.319801533604	0.0	0.495800711744
